751
574
679
200
784
361
360
284
953
874
288
212
360
295
819
338
113
261
698
741
921
300
277
6
883
971
542
559
349
58
239
422
653
247
972
987
454
699
161
502
585
846
457
865
590
414
386
37
295
384
590
451
972
643
619
820
212
143
41
435
61
393
65
761
577
515
597
375
378
826
47
325
860
786
54
835
477
833
23
699
431
237
208
552
630
96
184
159
187
43
648
859
805
582
261
806
148
813
451
257
781
355
953
370
438
543
614
717
545
237
626
477
403
119
448
897
608
135
828
710
934
545
806
552
935
840
228
440
223
449
675
806
551
816
23
419
890
120
440
25
519
344
471
5
589
960
742
212
699
937
194
823
65
597
583
62
73
409
859
512
827
395
913
637
878
766
803
316
978
131
104
688
479
300
104
720
923
784
171
818
370
210
183
269
260
104
125
859
985
870
434
434
711
508
477
10
175
570
291
745
484
569
813
712
56
334
391
212
650
676
738
700
95
21
69
753
668
302
64
700
735
753
96
684
458
692
150
694
594
531
597
778
92
872
466
847
454
984
65
252
624
766
915
60
926
963
287
702
263
226
995
52
223
969
611
353
176
678
868
720
887
450
279
289
88
195
190
542
116
962
386
738
940
780
380
553
744
727
651
749
193
728
806
271
194
752
187
232
715
353
403
106
4
795
166
621
829
397
913
712
984
445
224
704
694
977
635
610
455
380
618
10
367
323
110
596
200
317
412
673
976
306
405
934
7
790
920
654
91
452
311
707
399
809
172
169
971
43
984
563
55
293
9
845
829
167
934
737
993
355
955
829
60
72
791
981
335
570
662
52
544
394
910
483
677
574
231
621
879
516
479
895
156
394
475
778
841
983
162
717
170
409
233
208
184
885
709
964
459
843
437
219
895
610
305
48
241
612
514
480
849
984
77
434
933
889
534
705
978
486
462
75
551
966
171
306
70
264
310
315
345
261
858
785
331
122
997
428
252
139
718
414
457
759
398
797
840
140
403
109
313
764
240
945
674
670
67
394
111
423
257
340
738
363
744
790
741
18
906
1
22
467
146
21
624
636
957
360
440
979
117
95
535
14
692
573
661
32
602
695
521
642
378
217
991
587
623
848
975
154
131
935
730
884
95
103
691
519
1
543
652
399
453
827
933
308
519
922
948
857
912
964
684
269
788
403
667
801
314
732
481
234
617
130
469
516
287
603
833
193
709
866
813
276
642
569
632
37
45
577
517
991
146
899
987
975
619
796
91
629
761
40
759
770
79
694
267
203
14
84
459
835
299
398
665
947
579
660
32
151
459
550
605
315
424
700
77
688
375
846
949
277
184
879
504
210
916
579
662
175
184
173
685
33
262
817
358
670
942
826
152
648
495
817
328
706
281
12
421
367
335
797
350
312
189
204
244
710
109
177
993
800
478
347
17
414
525
975
414
852
312
146
216
318
690
141
40
584
707
990
783
535
209
328
266
74
568
131
118
248
770
133
849
18
171
239
30
489
434
836
388
518
756
697
191
508
697
348
123
374
834
606
253
797
960
22
627
250
927
892
439
978
422
608
700
806
275
385
798
92
442
372
299
742
16
612
226
663
572
168
363
823
541
802
812
349
449
37
647
420
25
265
374
982
925
39
899
697
978
928
943
372
191
40
290
1000
560
43
829
40
139
546
76
262
160
623
958
371
728
492
778
379
379
715
642
278
570
147
289
491
64
674
98
289
988
970
199
797
529
236
590
503
975
604
302
806
643
26
334
404
169
376
722
331
371
800
627
759
694
308
636
122
72
700
10
630
52
935
757
595
986
497
859
681
489
346
211
769
399
239
227
607
364
629
720
659
870
388
731
534
358
482
258
387
751
276
89
786
23
751
150
726
548
931
523
140
651
213
165
980
144
12
99
187
440
926
711
734
126
6
716
218
450
485
382
595
24
691
882
389
287
692
100
840
225
559
439
336
294
904
797
556
9
206
150
852
980
285
696
504
966
275
417
132
158
136
842
377
420
876
663
290
828
211
662
756
515
563
496
385
90
103
82
554
583
149
303
430
264
723
418
343
514
622
685
17
986
624
477
523
159
367
562
374
12
279
345
570
936
434
279
666
981
263
843
209
969
30
220
664
935
387
11
654
236
755
286
706
635
802
828
39
281
745
708
536
764
488
121
176
820
887
557
897
211
814
235
769
750
71
401
990
836
228
104
532
66
506
377
238
852
560
246
53
979
516
239
815
8
12
239
950
467
628
973
722
115
165
325
415
678
602
296
471
903
370
459
790
982
780
650
595
908
499
416
926
943
448
303
530
928
437
971
439
147
916
825
625
786
676
957
484
534
954
751
791
305
259
666
998
889
504
967
57
295
770
890
372
932
684
822
407
123
954
642
126
11
647
705
539
851
151
242
535
640
102
586
228
946
172
874
72
737
74
692
183
993
611
677
610
272
426
421
336
944
44
245
291
901
213
648
471
205
606
881
577
543
284
494
596
135
568
171
358
352
657
278
751
8
77
237
238
280
37
33
14
522
14
58
62
914
278
175
948
224
338
742
461
627
41
752
16
315
921
579
957
547
872
506
229
380
650
116
347
926
705
689
956
592
165
430
755
568
603
800
424
220
863
248
476
391
9
526
973
382
917
471
684
824
623
737
243
402
237
642
41
880
31
412
657
745
289
14
12
875
407
892
811
847
873
843
978
608
65
416
113
119
451
338
216
573
211
159
511
468
265
425
318
550
395
402
719
344
830
758
740
250
792
30
18
309
458
300
985
755
383
675
468
537
623
3
329
13
825
893
459
354
740
53
428
383
801
459
79
84
689
20
514
555
66
57
55
191
864
381
171
173
697
826
47
22
178
369
604
202
805
688
577
162
852
208
57
261
695
156
896
457
318
236
467
292
95
930
954
735
702
393
988
659
840
108
807
690
985
62
281
76
237
371
927
514
195
691
706
71
570
191
563
776
433
970
434
804
206
512
805
931
145
82
847
251
702
580
94
476
895
575
270
927
191
186
349
612
226
529
304
64
1
586
389
174
24
645
849
192
235
253
279
422
932
195
323
958
101
828
872
404
103
46
28
364
359
102
3
537
381
467
720
926
599
256
120
742
942
41
695
556
864
677
891
163
946
508
613
28
70
880
148
174
669
184
92
586
370
544
934
811
745
786
243
360
593
647
597
867
695
837
961
300
119
669
301
431
843
867
1000
696
163
249
546
884
89
485
708
214
378
601
608
293
814
61
482
458
246
754
830
962
376
162
525
535
920
14
883
594
588
826
500
459
125
379
912
616
440
734
412
869
585
590
360
673
946
676
406
703
772
140
505
165
193
455
473
569
378
336
15
107
316
350
544
743
104
202
189
486
830
64
542
263
145
408
892
532
375
102
768
732
574
611
485
528
299
218
672
285
407
863
209
597
443
275
235
931
116
110
843
237
667
785
933
207
169
508
662
571
249
818
37
213
244
813
32
904
669
933
787
850
156
71
396
343
288
233
118
120
771
620
595
46
805
304
732
2
813
266
817
794
482
364
861
661
717
848
202
216
732
188
407
104
52
912
269
328
74
913
475
306
243
917
941
901
132
960
28
293
640
449
526
975
685
919
659
623
76
112
446
125
91
167
452
878
710
192
737
979
299
646
865
456
445
155
13
620
114
355
990
194
492
58
889
358
943
122
894
291
489
481
942
789
653
186
285
54
844
714
949
748
798
765
437
58
483
677
355
835
492
138
254
709
415
567
377
293
218
345
171
242
852
772
291
849
642
800
343
461
53
756
519
721
862
563
217
977
26
779
309
945
287
162
997
848
784
563
980
745
839
277
556
380
179
242
494
262
557
663
80
704
822
248
858
381
94
132
360
416
496
827
365
184
120
730
334
586
586
171
572
791
349
539
828
555
647
292
312
797
923
816
925
731
756
904
572
303
896
746
729
728
996
782
614
539
896
355
871
821
799
926
622
155
848
268
573
395
78
467
649
226
450
97
400
736
370
9
844
539
570
21
217
3
456
368
510
470
647
675
569
575
36
876
493
324
239
793
406
753
549
948
370
292
326
426
496
806
228
260
876
80
96
941
475
750
311
399
658
31
337
704
490
549
760
328
194
724
314
108
143
231
215
856
298
33
905
637
13
224
964
910
957
487
120
123
6
319
890
633
678
511
100
661
322
359
196
854
573
419
564
400
525
863
345
931
94
537
303
557
481
940
207
231
265
621
697
182
583
198
139
199
390
134
731
319
308
101
637
465
36
745
629
424
930
162
797
410
87
35
902
155
904
727
542
228
581
527
835
740
598
845
22
504
350
138
331
539
288
719
6
841
67
104
33
252
9
713
977
834
134
235
506
465
196
698
984
722
102
473
531
249
703
904
296
693
189
213
958
325
676
983
679
453
323
426
646
116
677
120
389
126
702
193
239
580
96
73
686
277
874
906
652
295
166
431
628
352
326
290
69
122
821
173
287
192
278
594
817
709
973
464
851
228
431
851
173
246
130
461
707
958
741
741
855
172
600
621
444
198
849
216
211
497
321
515
568
945
6
850
950
849
515
162
114
475
105
111
401
7
627
886
246
439
833
417
193
351
166
567
292
98
694
422
943
860
892
880
531
190
286
994
865
74
700
789
489
860
503
226
134
618
321
216
863
594
160
300
484
483
485
553
673
905
917
65
907
830
101
285
314
851
723
354
220
402
63
120
763
403
9
845
158
900
480
83
348
106
656
33
549
21
810
24
505
930
301
890
949
563
479
756
921
603
903
161
486
208
77
492
67
187
628
776
505
418
561
911
452
641
609
571
511
423
146
864
36
198
728
519
556
976
277
843
241
766
555
570
880
470
499
855
757
757
11
571
915
657
386
345
5
391
800
397
98
202
825
626
4
721
376
881
381
758
109
431
745
69
844
255
762
811
130
221
262
679
599
670
356
890
806
90
987
245
107
993
447
900
306
374
105
903
837
916
819
184
587
288
684
751
836
380
747
850
746
676
403
640
466
372
657
406
520
497
793
401
524
814
909
873
269
42
200
775
103
479
385
863
770
705
852
264
644
727
200
65
230
10
349
491
647
290
548
57
86
203
963
588
43
596
620
511
500
57
315
13
231
819
600
10
443
612
89
255
270
441
723
108
879
502
822
690
483
411
158
881
42
49
848
635
489
820
39
431
202
169
957
590
126
51
9
607
780
664
14
921
267
797
310
572
429
523
243
85
939
265
967
338
47
742
878
95
846
766
757
223
225
304
881
649
865
292
374
403
332
726
291
397
887
258
365
894
39
856
46
860
545
118
186
359
691
816
115
623
161
988
699
575
52
497
703
976
524
907
259
311
512
529
814
358
746
685
683
31
544
855
413
723
749
494
806
221
151
411
134
126
289
552
695
180
278
398
367
953
210
709
792
963
118
683
942
723
371
738
220
171
34
12
592
299
40
313
447
306
834
716
384
118
780
530
672
736
968
329
328
607
36
912
639
688
902
470
761
107
188
232
801
396
887
355
812
763
693
234
227
393
168
666
486
720
308
62
134
543
710
833
966
313
611
356
932
523
635
733
17
55
853
948
173
948
793
769
850
259
281
810
731
441
906
424
714
916
126
834
973
787
916
123
366
729
320
839
476
202
267
71
523
865
985
207
580
700
655
104
527
826
242
379
294
949
760
710
487
137
442
891
716
270
567
707
342
168
61
653
201
953
339
256
976
573
575
33
355
227
845
470
599
395
467
557
216
464
104
33
802
990
779
616
693
735
465
982
818
649
117
60
608
673
416
501
827
719
74
311
454
980
938
19
918
60
815
672
854
959
796
543
75
594
653
325
112
480
23
179
794
886
327
151
345
858
827
976
342
210
489
220
676
921
980
838
683
361
693
839
144
250
761
647
23
167
250
208
682
186
120
299
131
463
556
92
631
765
400
394
398
45
152
651
677
200
40
235
744
371
234
348
745
818
900
251
522
303
345
496
192
825
882
601
599
401
785
46
920
268
949
401
783
531
5
780
109
742
917
509
532
744
544
886
476
246
586
19
539
504
140
299
213
259
615
174
105
919
202
207
508
916
830
510
842
528
566
637
845
971
647
451
188
766
811
201
848
553
854
139
801
678
931
190
926
4
382
703
249
418
203
299
419
604
410
694
550
4
332
657
133
331
410
918
509
189
134
8
508
684
105
955
133
686
728
966
703
916
804
272
947
608
62
201
151
993
70
724
686
754
503
269
105
352
560
263
49
300
696
48
661
172
492
825
248
62
245
567
156
162
679
601
71
417
826
987
379
518
21
558
772
34
756
32
309
387
994
545
961
143
328
386
562
922
810
692
756
95
684
18
198
653
453
211
837
834
798
641
111
305
880
8
556
373
656
512
398
455
44
586
909
840
320
341
161
876
204
938
954
235
857
115
18
218
581
608
164
778
284
256
484
349
439
549
550
740
734
528
811
896
97
953
823
181
132
631
288
702
158
825
550
122
691
258
137
210
992
59
296
869
532
157
242
550
278
830
283
376
935
119
949
563
677
728
83
996
392
778
719
506
116
845
907
197
463
606
608
612
380
665
847
645
504
440
965
865
289
91
791
821
978
771
611
99
546
110
246
956
638
84
41
234
156
383
585
389
481
178
993
606
949
431
137
987
507
513
814
849
802
92
771
121
619
462
626
131
305
350
599
280
870
989
706
924
465
256
172
202
15
928
539
448
771
413
948
863
286
424
690
33
21
596
218
541
419
218
670
211
787
858
555
167
691
913
404
78
26
421
673
978
23
714
984
12
825
669
820
652
785
668
914
70
528
255
551
103
693
19
93
636
629
389
925
338
894
528
328
638
600
246
934
512
149
186
968
468
690
264
80
502
666
290
846
237
860
703
137
992
988
900
76
437
638
57
891
871
933
877
215
572
893
956
39
974
768
87
986
663
23
657
628
820
80
763
986
662
116
196
161
171
964
75
231
383
893
492
785
627
477
790
46
414
243
206
181
642
579
763
224
278
475
630
152
316
580
257
584
435
742
812
389
426
456
530
424
489
238
505
995
613
969
303
403
376
230
259
554
954
170
445
5
198
973
884
535
989
331
387
503
978
461
932
656
58
374
100
79
336
771
189
859
472
1000
622
34
26
3
925
476
462
155
191
651
610
821
190
129
69
830
455
157
343
126
382
405
455
77
806
795
27
446
948
844
188
817
849
490
486
999
744
989
87
717
218
196
429
903
939
191
832
793
272
136
713
752
437
840
933
467
253
972
686
939
806
519
703
371
236
735
905
558
229
612
487
875
854
430
120
246
973
672
352
932
744
921
94
56
704
602
879
437
955
911
306
160
845
171
960
856
887
933
285
345
407
174
965
924
632
898
469
35
928
367
792
682
306
124
609
118
794
402
939
892
471
823
628
206
352
898
663
716
224
444
131
290
284
856
45
937
776
186
241
663
680
28
676
276
241
754
477
459
251
215
129
302
144
742
528
978
82
999
674
862
555
255
842
186
422
694
248
129
282
864
355
340
185
658
417
301
839
717
968
182
570
189
299
150
414
758
762
43
406
214
137
310
175
872
173
469
971
184
637
320
769
874
712
49
279
50
309
884
893
208
342
181
978
684
407
667
219
794
931
768
340
644
216
105
186
955
540
130
737
871
670
79
971
786
704
444
235
895
332
726
636
171
357
971
108
836
141
664
630
610
819
215
104
547
716
64
944
936
700
839
117
501
501
75
330
608
646
829
552
960
939
177
766
814
504
502
162
827
594
881
866
887
557
508
73
980
615
336
14
610
873
344
894
670
874
460
164
127
474
121
749
841
363
926
683
13
721
72
59
968
417
951
202
271
917
815
891
414
839
822
265
429
468
585
711
555
554
979
13
317
212
829
276
263
747
501
42
475
186
379
451
124
590
364
482
200
428
668
502
262
71
532
794
879
101
742
873
770
757
702
863
436
266
320
712
876
498
489
417
150
258
712
172
464
142
62
318
700
836
21
181
477
647
939
155
705
558
775
792
24
680
62
823
496
413
616
678
868
108
372
923
872
521
106
535
421
342
350
819
497
358
237
254
741
100
443
381
350
503
834
521
627
600
751
97
575
242
733
831
9
923
660
265
92
620
374
999
291
79
577
885
98
948
997
9
23
944
419
741
425
166
390
262
289
276
68
172
802
530
911
967
289
991
361
938
893
693
431
856
551
486
88
341
727
221
373
914
376
171
391
817
117
631
267
78
552
817
290
854
898
676
374
234
918
904
343
983
830
637
438
456
384
16
626
311
840
679
846
280
673
490
287
170
235
393
162
969
549
994
586
621
901
273
534
966
353
654
248
263
524
737
286
687
996
161
87
497
129
424
390
990
544
490
479
325
617
727
542
9
401
288
35
530
536
98
239
507
519
278
589
968
27
985
722
80
405
372
617
64
156
975
542
849
458
645
1
40
177
352
400
10
937
529
75
288
301
186
378
842
695
177
395
753
283
245
998
46
503
354
378
848
690
573
87
658
394
106
262
456
959
877
273
456
470
166
517
497
806
326
319
608
15
565
717
462
206
509
402
51
367
483
262
932
12
556
114
36
147
71
904
283
886
604
308
593
775
561
389
154
968
68
740
169
60
897
349
727
778
132
25
442
949
904
598
168
89
956
765
109
121
338
569
949
632
178
896
478
530
970
484
504
719
839
960
409
774
462
65
340
338
654
362
800
143
774
143
644
979
24
948
354
815
967
145
444
977
990
394
380
594
779
457
147
127
506
983
286
838
322
919
23
870
773
709
218
407
362
730
609
766
310
183
510
493
591
39
413
146
330
94
379
203
342
147
556
991
694
844
138
367
976
138
532
29
351
510
441
527
75
212
977
558
574
583
760
273
370
286
800
533
538
271
548
984
272
156
722
333
722
213
856
961
190
915
272
577
467
299
199
537
561
56
651
720
258
77
475
624
347
440
79
991
187
760
332
960
136
439
427
360
640
362
785
314
149
482
892
334
288
22
388
193
812
514
23
197
83
552
434
279
5
182
185
214
145
184
927
616
182
552
600
167
173
783
212
941
17
281
118
317
397
388
683
182
551
621
972
623
580
210
883
219
979
89
45
522
145
501
308
393
191
662
748
270
555
890
778
607
554
859
392
224
710
827
990
556
316
409
785
694
971
113
29
824
240
203
441
860
245
918
245
233
717
17
466
633
133
406
700
640
456
912
77
282
45
464
839
127
823
487
565
177
170
263
591
31
82
2
685
556
415
262
293
502
110
879
732
737
713
891
590
460
719
358
464
205
840
891
114
404
820
848
49
95
711
768
382
17
118
906
441
610
583
562
100
171
501
784
60
699
818
317
692
942
508
137
224
676
650
895
779
76
813
295
468
663
610
442
721
211
930
731
502
211
365
635
845
822
916
422
126
12
874
631
688
690
614
500
148
243
960
678
229
29
449
240
505
730
586
505
592
771
8
94
889
632
317
228
517
17
806
23
967
388
942
902
147
604
189
767
419
314
434
39
952
553
869
592
256
885
486
807
138
767
840
933
783
753
97
231
287
57
649
75
762
891
569
587
479
643
369
765
504
867
362
644
612
608
227
794
145
537
749
491
374
251
957
666
465
852
918
693
625
870
638
322
282
148
448
365
248
830
59
442
485
796
654
175
715
672
599
384
609
777
762
541
769
462
848
529
183
848
923
278
924
161
232
497
865
395
317
796
970
732
99
549
254
334
931
245
298
653
781
890
30
228
26
248
652
422
435
646
994
807
499
505
56
965
298
582
849
438
688
337
514
739
328
793
708
596
809
508
128
529
12
114
485
47
809
193
657
113
279
115
656
724
791
296
29
229
21
746
626
620
278
463
363
884
502
109
764
317
531
573
92
879
804
238
608
796
550
622
931
151
755
344
369
434
818
193
253
430
374
493
749
730
2
909
885
266
280
56
723
746
163
397
688
811
561
269
565
539
92
881
351
189
216
70
928
399
821
929
308
198
636
669
887
296
226
948
240
322
757
102
618
455
481
516
374
795
54
228
199
232
473
390
909
237
524
465
491
683
810
611
454
643
535
282
58
301
191
905
835
970
958
798
373
730
44
867
799
125
163
431
162
659
743
712
959
589
776
441
542
966
918
5
181
822
533
29
39
506
292
258
409
598
555
628
326
938
872
736
487
384
286
823
635
37
368
455
401
206
268
479
920
935
434
671
130
86
788
854
487
999
490
827
679
290
964
39
425
625
737
538
437
86
112
625
219
618
640
666
743
627
536
770
28
470
202
362
240
110
998
566
30
716
840
953
836
889
504
745
51
643
86
787
846
673
203
248
716
13
550
145
128
77
746
133
772
411
211
320
489
862
429
722
238
385
59
993
595
989
479
36
683
295
51
171
628
60
265
148
201
926
658
973
946
711
838
570
830
322
165
840
399
194
33
735
91
828
712
669
67
278
268
525
161
804
725
118
170
641
343
565
3
969
859
18
140
335
47
384
325
919
717
537
994
7
228
459
923
176
729
668
633
925
56
291
317
719
727
469
317
614
606
864
886
940
139
319
964
526
328
431
89
466
139
374
684
1
230
740
879
32
172
686
231
525
879
408
152
724
302
679
619
635
816
206
507
364
36
843
796
897
905
976
466
356
214
511
549
286
314
979
178
726
317
745
798
865
77
894
75
757
654
893
834
301
875
839
162
723
50
589
686
225
586
400
517
936
42
205
684
566
318
215
173
829
779
548
382
367
946
532
623
252
917
919
455
827
789
273
518
302
338
691
778
151
169
426
50
464
681
723
328
4
601
658
244
228
963
385
697
101
685
981
238
792
136
614
266
66
903
769
367
565
874
79
622
611
634
945
822
232
941
498
892
770
523
292
276
807
683
322
324
210
580
404
108
577
382
164
897
178
841
155
751
813
629
885
652
60
102
467
270
573
901
477
747
44
275
461
260
551
747
410
471
937
278
324
32
666
810
25
833
689
441
282
24
69
778
425
231
50
189
153
682
696
784
704
119
380
348
747
125
955
617
479
404
662
611
63
898
308
809
101
720
733
37
692
905
144
418
46
615
914
492
917
445
394
1
151
460
328
778
727
960
928
762
683
293
539
320
797
893
83
479
999
862
864
201
897
312
989
314
370
676
624
474
15
541
724
11
894
825
32
704
293
986
354
341
397
947
880
928
949
517
478
908
343
514
454
445
939
50
292
638
791
969
906
392
253
829
282
127
223
691
253
208
657
412
951
271
936
449
916
642
571
30
585
27
990
504
356
666
379
422
264
200
720
374
586
262
55
371
661
296
321
962
712
357
362
40
541
435
620
384
51
637
675
421
923
562
790
376
658
914
782
135
961
102
131
831
764
665
313
394
234
496
430
835
349
738
950
689
335
394
377
922
165
772
683
802
760
11
886
954
226
922
486
349
145
712
838
754
326
219
949
734
896
236
84
661
201
751
854
194
438
274
287
932
433
212
633
890
367
838
513
329
384
822
940
186
542
966
990
537
478
736
606
961
606
566
94
760
233
350
565
604
302
518
766
592
959
551
526
285
221
242
687
407
602
415
953
954
164
221
694
378
946
837
221
536
221
183
857
415
550
872
224
726
539
533
265
95
464
662
202
226
852
166
173
52
805
391
334
677
690
222
343
68
639
815
525
788
376
379
190
621
293
106
247
117
38
450
552
357
958
695
665
620
196
228
789
499
27
205
391
983
933
247
182
554
91
728
683
577
781
601
754
509
754
321
966
810
951
360
442
179
938
894
273
798
447
955
736
772
233
264
787
510
702
351
934
679
274
730
513
359
195
514
722
184
422
301
853
819
666
947
706
346
95
757
547
701
555
702
892
202
662
245
359
278
366
760
670
695
926
313
734
185
987
117
98
595
277
401
422
283
386
37
736
642
168
588
444
54
943
866
671
35
891
409
607
398
952
953
462
387
242
665
390
659
971
75
451
985
507
868
353
511
154
460
731
692
689
80
52
904
182
917
537
919
178
522
577
682
542
807
802
514
173
365
176
363
33
905
540
207
366
7
32
764
899
677
495
1000
577
403
175
432
318
884
519
56
529
648
148
843
366
879
676
717
673
24
362
178
962
686
709
133
394
689
426
461
227
510
381
168
153
173
616
807
133
217
205
593
192
909
914
247
756
756
82
830
439
498
479
399
990
169
572
446
537
919
876
159
953
45
727
106
848
444
684
235
133
386
373
367
17
352
586
314
404
712
288
330
44
745
604
859
830
693
923
37
748
135
542
727
864
895
583
698
490
816
239
84
169
413
612
799
975
355
823
385
484
117
771
938
678
91
939
611
361
334
774
586
135
55
846
154
842
472
457
963
860
214
743
957
831
849
443
789
450
58
727
143
231
850
237
424
489
516
911
460
827
603
560
428
241
95
79
568
483
995
827
82
858
199
91
683
715
627
141
890
737
357
59
931
111
987
428
871
438
921
735
997
482
191
182
599
543
884
82
697
908
994
262
123
627
212
85
532
440
400
381
235
997
445
319
23
576
46
44
816
606
981
430
871
745
570
926
963
859
347
230
590
672
351
441
883
576
824
818
558
975
434
794
218
708
76
382
895
523
349
359
740
721
775
346
174
81
536
359
155
229
99
216
327
938
626
601
423
326
793
149
801
147
80
225
518
874
551
404
71
797
117
583
713
4
750
518
393
37
997
945
910
945
452
874
549
678
499
195
512
990
999
236
108
493
228
280
84
135
400
863
77
967
417
21
946
747
886
515
511
699
673
887
148
296
639
67
786
684
932
410
522
545
452
761
144
46
203
685
356
663
833
562
240
472
623
654
414
297
34
80
6
910
764
752
676
441
506
53
493
223
979
13
427
584
521
684
727
260
638
417
781
84
179
94
236
281
897
692
156
586
531
590
482
529
961
547
227
997
271
726
658
607
949
21
483
857
165
52
779
103
907
613
865
926
798
576
665
684
191
178
587
503
360
66
541
957
863
241
834
465
21
415
622
978
688
103
113
321
299
757
104
803
681
340
158
961
363
353
997
10
744
779
837
465
889
887
785
583
639
565
346
717
591
537
149
818
262
88
937
532
157
172
104
147
69
424
487
979
134
128
357
655
621
593
171
173
821
639
462
344
166
625
17
90
785
378
672
547
585
134
315
756
139
435
99
871
318
50
641
190
166
777
14
456
93
820
41
18
788
78
118
723
415
787
317
105
909
44
407
201
639
290
286
672
96
770
622
285
184
441
802
437
692
82
713
685
867
891
376
555
119
32
796
867
166
296
232
53
403
296
947
204
248
60
625
643
640
812
621
585
309
675
873
835
237
837
874
144
885
846
282
445
287
178
537
448
79
214
640
655
429
284
850
486
396
356
531
358
839
54
856
137
497
695
263
675
248
268
614
981
763
968
70
944
535
238
59
340
988
538
959
268
296
789
193
297
85
158
718
496
61
827
150
572
426
530
757
398
625
384
202
271
656
352
778
557
607
965
863
749
74
813
921
243
404
739
769
661
235
41
578
495
892
470
442
727
593
701
94
927
11
163
203
501
127
672
12
261
599
984
570
643
179
894
15
260
783
226
263
748
900
244
145
501
699
114
160
19
135
616
456
69
19
472
989
390
971
979
496
159
96
827
614
726
501
73
671
18
686
128
519
29
490
652
648
393
943
408
587
340
151
106
909
541
908
487
997
963
876
470
977
850
657
911
611
789
105
373
367
525
530
561
51
731
128
892
548
132
445
943
598
227
390
983
302
69
937
773
250
732
189
416
607
979
646
267
692
124
447
789
274
260
751
76
737
456
866
794
408
388
383
796
955
5
174
527
53
660
268
694
236
660
312
885
572
477
123
268
463
818
46
869
490
828
820
437
114
709
991
851
966
658
216
280
275
75
340
101
56
603
661
888
692
671
419
774
669
38
243
117
432
101
497
915
440
788
139
324
252
540
263
85
510
804
367
994
41
43
791
223
156
844
925
515
449
271
444
276
579
935
912
895
813
432
58
595
873
826
731
135
191
582
268
561
854
98
111
194
662
428
206
275
519
920
96
687
999
93
825
316
253
12
132
617
777
467
536
84
70
431
147
16
612
281
363
770
870
63
643
309
445
120
530
273
244
470
389
374
164
932
2
307
269
546
319
453
587
21
811
310
466
126
438
863
7
457
484
157
144
901
881
928
543
393
514
244
690
292
661
923
756
934
351
152
963
251
738
142
107
486
794
421
290
752
545
131
598
866
830
815
686
664
626
992
532
261
838
578
712
66
654
988
524
943
54
373
90
809
134
728
456
61
337
163
216
740
119
488
134
204
149
154
773
461
795
80
321
602
958
440
293
613
296
445
148
745
45
124
226
482
578
115
267
797
153
766
962
496
290
63
314
110
844
823
458
150
584
221
803
460
845
562
834
180
508
497
469
894
497
187
94
414
617
620
436
787
873
758
606
97
475
382
921
223
234
819
795
378
930
434
981
841
785
630
963
728
853
368
815
936
992
945
608
534
762
792
299
9
50
973
547
945
62
130
169
864
604
642
335
117
837
886
76
397
412
464
390
743
493
572
719
16
695
389
635
147
50
125
228
209
496
883
711
8
436
235
298
94
770
730
782
265
674
279
77
490
771
100
871
511
503
785
471
454
160
814
319
417
617
174
734
830
275
563
382
796
398
380
4
60
949
498
772
92
449
697
432
615
345
581
763
689
551
312
259
968
484
207
969
3
719
120
577
852
795
347
410
660
976
768
151
610
919
52
854
22
174
566
629
855
429
680
499
500
581
150
762
575
160
664
159
310
541
215
237
211
462
640
175
283
904
989
482
436
53
172
500
120
88
627
321
209
449
557
364
11
322
488
36
257
595
924
23
747
327
889
175
663
225
68
704
695
213
551
584
279
339
238
14
760
208
148
617
511
247
112
502
920
593
868
998
847
378
6
419
299
967
581
626
591
843
315
519
369
255
639
265
493
713
13
911
707
906
149
105
84
20
94
159
237
172
612
125
361
938
173
239
424
987
962
180
239
940
127
459
616
854
329
615
227
428
271
196
501
339
236
508
615
54
383
397
484
352
460
775
507
561
604
636
436
513
767
158
613
725
689
98
728
993
432
293
609
707
63
554
752
207
270
996
76
904
960
951
628
953
465
776
139
773
916
210
37
353
432
157
538
400
158
829
123
834
647
805
777
738
329
74
793
331
773
938
435
282
806
238
293
749
529
456
294
593
987
649
402
663
30
789
240
648
757
907
403
869
506
253
186
272
288
115
534
262
777
881
81
818
795
648
359
761
915
297
769
355
390
66
690
66
690
336
609
891
538
114
964
765
129
929
729
734
910
808
787
23
987
949
73
605
47
588
38
908
475
299
636
753
564
298
815
177
594
608
335
481
678
880
517
236
968
479
423
830
12
568
762
339
711
378
533
155
453
261
873
301
58
592
286
108
283
553
857
710
420
878
138
373
299
960
220
805
225
213
403
106
251
420
535
109
610
279
511
916
133
909
598
90
724
156
714
724
780
785
342
318
162
773
324
345
617
844
60
325
769
177
830
552
556
847
572
962
687
680
471
822
173
634
163
776
315
532
340
331
971
715
126
720
32
475
217
815
415
884
800
808
191
397
947
76
498
399
766
944
48
390
151
828
956
529
52
4
278
340
125
406
960
645
26
735
780
521
753
600
799
496
632
592
433
499
220
102
46
698
431
783
579
438
568
442
414
115
297
383
106
267
100
372
851
485
351
5
181
182
259
855
140
170
889
999
650
250
681
418
340
443
334
963
697
692
824
800
37
386
242
991
519
581
960
692
865
171
31
435
634
545
435
426
964
456
295
497
876
844
404
626
344
67
267
64
603
972
474
56
225
703
907
223
316
331
741
918
110
84
224
373
761
663
951
825
527
472
421
892
558
138
190
190
814
210
353
613
871
795
368
612
92
267
231
901
474
81
309
220
344
273
23
918
779
9
586
518
911
879
28
472
406
767
129
77
797
299
353
698
229
403
456
153
599
741
371
828
400
254
911
807
714
31
497
937
807
478
18
703
93
597
77
513
872
709
733
841
886
968
131
638
540
290
160
499
793
248
517
163
913
938
811
554
645
36
247
223
486
797
615
805
202
611
446
589
187
578
791
575
434
444
527
249
738
771
647
263
354
635
593
487
683
585
817
352
385
348
866
597
721
910
749
620
712
804
477
16
303
870
765
237
279
388
144
951
849
986
764
850
295
420
167
435
139
288
93
847
609
606
893
7
602
513
6
645
668
335
170
921
825
990
954
700
314
983
999
396
846
617
250
106
414
57
104
526
616
877
229
233
900
560
965
275
759
963
474
495
593
949
616
979
834
37
697
683
983
893
509
504
137
197
254
933
93
381
931
43
949
788
44
799
334
935
163
760
956
235
798
596
271
13
902
349
778
87
217
703
337
942
660
369
135
894
891
711
748
734
373
325
963
633
214
776
491
38
130
241
808
337
532
522
156
622
900
84
56
406
47
204
27
702
152
279
129
770
916
514
705
363
752
803
237
925
791
686
854
322
109
450
560
83
828
300
250
473
590
499
671
986
336
646
976
334
306
462
964
490
607
165
568
403
105
404
814
489
422
499
807
698
373
465
462
633
927
263
56
320
5
53
401
137
166
548
28
135
553
926
471
225
949
158
980
327
692
723
623
44
769
358
419
343
536
691
842
812
878
499
240
187
878
720
733
437
932
413
713
965
540
471
119
747
42
106
813
564
284
889
514
956
393
919
906
323
617
65
432
239
156
230
553
330
830
84
142
711
979
744
728
8
485
7
684
334
336
444
741
449
927
675
489
25
528
838
720
620
806
313
533
586
59
53
17
432
340
707
324
245
924
684
885
980
984
720
381
27
914
336
516
417
404
992
72
657
979
203
73
160
403
310
149
275
189
24
322
859
995
932
863
742
670
761
878
724
639
753
370
904
419
828
764
342
952
559
574
818
502
257
53
357
834
923
413
769
765
140
726
502
678
26
954
683
294
518
603
133
212
466
875
637
330
649
442
586
373
487
414
330
135
217
180
737
761
252
352
705
273
47
898
148
646
847
162
369
451
923
94
466
355
699
60
2
736
188
162
427
508
731
356
454
61
372
565
255
878
167
779
534
125
855
509
108
365
946
337
333
678
528
918
342
459
903
534
955
430
267
603
881
866
588
760
768
429
491
70
161
414
416
549
831
106
930
278
205
772
723
968
27
217
608
397
907
874
304
342
578
288
240
480
540
611
503
292
422
977
508
279
985
915
863
990
818
867
229
153
862
342
606
513
698
50
253
102
965
208
286
936
749
760
995
541
990
236
532
594
444
286
33
36
765
418
210
685
993
392
983
34
705
182
647
552
115
431
851
183
537
146
849
146
988
83
976
912
3
405
940
6
317
963
259
921
947
763
770
507
141
65
212
655
397
652
334
176
12
503
278
795
307
852
102
289
217
182
451
332
945
546
509
353
601
672
603
818
932
211
973
81
996
732
796
692
788
339
454
906
83
638
547
804
279
125
846
35
598
508
508
24
529
157
494
240
91
376
61
77
562
73
231
356
863
692
718
193
451
662
235
673
397
448
630
99
29
140
98
453
175
141
164
49
517
400
166
284
308
320
191
187
490
545
867
355
987
124
339
957
176
128
600
422
289
596
428
483
94
300
467
435
532
692
489
727
505
662
946
346
251
480
235
426
679
294
464
111
151
554
633
69
541
117
62
779
71
28
192
712
6
325
450
669
388
997
51
362
521
779
940
575
247
748
139
987
311
944
805
657
231
242
131
247
268
490
319
607
61
447
440
720
645
114
805
154
353
218
906
47
976
353
628
752
572
421
317
135
626
452
655
408
91
305
431
171
514
256
625
676
554
860
117
465
296
436
818
424
635
937
696
617
13
230
548
35
260
270
524
51
597
607
130
928
770
183
629
890
444
858
820
66
420
387
506
60
709
315
267
776
102
427
192
247
831
109
328
108
769
373
516
906
270
746
116
748
263
213
270
83
384
7
210
138
92
232
934
149
577
142
255
885
745
132
259
914
741
313
156
26
168
142
570
410
635
610
772
475
997
508
874
680
777
319
817
300
639
32
284
421
501
782
456
780
555
523
356
397
188
341
146
226
587
450
829
99
338
60
706
404
550
321
542
869
947
133
371
596
503
538
416
583
268
590
256
445
948
911
362
20
16
278
462
319
220
798
297
123
660
513
101
247
888
126
926
66
260
168
247
489
437
628
704
390
97
834
558
358
308
647
550
104
69
238
594
760
880
463
277
575
826
725
278
953
191
188
195
677
657
187
243
738
478
464
185
393
504
97
364
976
854
346
705
343
245
499
801
386
839
568
571
992
538
3
363
617
582
248
801
279
587
896
850
423
753
32
405
561
884
532
939
999
633
136
849
781
368
566
598
499
314
746
399
193
385
392
40
989
522
308
639
675
833
155
758
688
628
569
783
190
439
42
838
599
167
170
108
948
79
428
804
775
281
550
9
662
466
57
518
495
202
362
785
702
905
145
527
768
24
579
452
271
978
604
842
641
686
770
731
245
939
210
782
225
659
232
347
767
176
228
448
114
476
284
988
715
128
356
452
553
284
549
698
343
986
538
92
111
356
939
964
116
142
692
608
784
248
937
345
686
261
429
388
393
284
719
497
433
707
264
365
544
249
864
444
633
626
518
425
458
137
507
775
98
310
342
951
887
571
71
34
36
732
447
734
994
403
964
643
528
861
162
502
346
526
795
112
59
446
665
549
42
889
640
695
187
933
628
231
632
798
239
611
532
677
103
566
169
763
800
728
128
279
353
290
916
353
382
479
345
990
437
77
1000
82
607
736
865
66
502
940
667
116
176
331
185
470
25
91
74
813
924
722
94
472
633
695
588
562
401
712
669
644
52
887
633
943
334
312
376
711
122
947
404
792
869
179
801
869
264
211
802
165
932
138
470
22
571
607
628
149
545
487
232
208
251
384
851
924
879
841
573
595
350
376
478
617
236
384
889
897
142
197
102
996
502
928
347
992
510
61
476
915
263
389
24
373
871
569
933
150
575
247
300
790
272
432
432
572
82
926
942
353
103
870
77
703
253
617
420
410
297
278
397
277
231
503
177
337
714
428
377
53
123
852
857
364
205
540
52
93
2
416
512
851
58
319
683
906
954
558
381
51
111
386
388
942
437
60
809
30
662
112
732
811
376
133
96
724
137
75
876
963
982
756
763
323
849
196
346
544
554
995
561
61
39
190
515
426
117
195
974
278
20
512
609
992
278
636
184
30
267
901
981
155
456
670
638
833
481
852
322
922
377
758
787
516
55
718
823
1
583
265
902
125
277
495
14
720
553
298
390
816
11
357
942
565
29
978
822
149
793
77
874
149
744
982
182
611
662
180
759
885
451
314
456
210
4
395
613
670
445
727
480
690
921
846
330
260
322
615
611
352
225
635
213
796
454
744
667
27
513
769
59
758
54
846
975
998
843
162
612
116
594
166
914
863
279
854
504
407
359
222
787
258
180
171
968
509
871
573
212
811
215
598
456
818
491
293
336
264
729
516
255
396
322
38
264
563
365
886
665
261
616
176
970
554
886
911
314
866
111
641
231
880
584
269
7
149
180
555
362
712
529
724
58
354
710
419
695
748
622
263
431
440
608
212
102
712
324
957
183
158
501
592
472
411
507
107
49
377
969
879
687
276
60
223
740
446
818
820
439
370
30
450
272
718
81
629
127
937
193
608
187
11
272
388
113
16
412
479
904
701
518
784
480
954
91
602
434
481
337
9
454
593
478
877
618
977
396
304
585
411
688
279
879
543
121
817
423
666
374
995
528
317
417
260
41
402
858
884
124
865
721
705
677
13
219
618
414
332
933
411
984
926
209
963
396
191
62
369
163
431
329
675
41
47
24
225
350
565
896
562
258
89
972
846
414
598
567
290
179
970
554
320
71
357
716
756
375
182
272
122
202
584
346
920
836
249
372
220
686
146
110
98
798
275
659
392
697
271
150
560
28
479
511
131
626
588
772
912
317
166
183
338
617
7
835
145
32
271
469
35
219
609
538
766
74
513
844
750
239
584
492
685
988
797
632
739
239
778
738
969
877
186
559
902
955
468
976
459
806
470
106
331
669
482
619
199
45
707
646
329
234
63
916
528
269
709
654
321
894
504
845
185
171
16
480
401
171
89
823
618
477
307
376
187
343
614
649
13
418
904
705
205
612
408
222
360
58
719
776
722
124
589
572
563
678
202
36
447
481
435
699
781
662
372
629
23
274
837
774
379
493
321
154
158
613
199
171
631
431
255
789
50
419
24
223
730
798
217
919
216
590
658
366
685
432
242
519
116
668
786
469
694
276
482
793
788
923
218
48
243
933
98
207
494
55
231
246
501
346
466
773
849
257
266
853
50
287
607
242
243
501
909
262
634
262
337
891
350
886
193
458
787
22
302
481
785
279
546
797
730
647
451
64
859
449
686
620
683
922
707
964
764
502
157
600
546
54
686
622
211
180
876
815
31
188
867
28
978
607
948
177
60
426
886
951
799
969
288
926
932
176
565
68
843
42
534
793
12
921
253
706
124
484
959
19
362
849
172
523
17
665
477
795
38
327
207
823
963
584
274
857
916
831
673
817
537
188
998
201
244
406
384
167
820
860
526
361
245
333
837
176
266
170
186
993
456
19
595
280
887
493
784
902
675
801
300
681
166
185
564
618
939
493
116
751
13
554
615
862
490
803
834
490
172
426
516
12
275
841
109
812
823
239
826
914
364
271
3
917
140
450
220
267
854
669
519
724
121
38
985
385
915
370
840
263
310
349
322
10
759
725
351
995
90
143
363
229
310
650
418
27
892
682
151
794
861
634
555
103
184
885
498
350
468
968
686
78
396
443
391
423
399
652
334
781
481
312
352
538
835
531
737
170
27
246
745
576
951
427
139
387
10
86
331
951
427
58
589
418
256
341
435
196
203
638
595
91
301
647
211
45
99
991
113
135
313
308
232
890
223
533
658
855
498
112
544
447
59
863
453
394
853
984
48
671
158
713
204
302
995
602
191
167
198
781
969
513
733
647
896
256
378
141
542
411
208
235
345
101
966
678
654
995
634
452
669
860
877
838
388
808
364
522
638
601
839
418
806
940
882
102
239
915
77
699
963
216
298
56
101
994
664
709
996
39
990
488
346
76
624
571
935
265
427
462
64
737
193
314
428
649
587
912
809
13
719
633
554
133
324
267
450
809
364
604
430
996
160
598
341
272
826
444
960
883
799
813
878
13
262
57
586
531
762
206
203
287
446
515
679
718
14
817
347
277
199
301
15
463
2
418
731
755
704
440
914
17
101
535
663
173
117
904
1000
466
732
684
541
371
706
618
969
859
146
766
797
336
53
446
431
36
6
72
713
29
523
637
364
235
433
637
939
611
640
311
790
694
522
517
673
235
14
459
70
32
48
593
809
810
922
878
606
950
442
178
423
381
585
619
638
274
320
368
609
33
904
699
794
88
473
245
916
140
558
23
45
346
684
316
853
444
559
301
661
450
803
585
62
996
626
142
820
488
703
393
350
95
286
421
996
955
951
467
394
469
38
377
852
386
239
323
515
681
782
494
353
83
760
424
245
856
839
53
894
854
633
920
353
188
337
34
379
422
233
986
547
8
150
239
707
256
103
296
985
436
574
400
659
239
371
409
8
578
101
378
875
210
453
812
826
287
367
400
631
204
709
517
407
208
567
646
458
135
841
20
680
901
82
102
646
643
946
786
465
815
843
972
49
761
659
601
550
443
911
510
429
548
390
588
495
487
78
253
708
588
356
615
197
784
32
577
473
727
488
995
6
319
67
510
513
211
582
922
632
660
157
76
4
14
765
326
483
715
863
479
325
354
750
169
564
571
599
196
265
41
304
311
931
580
210
931
333
922
876
757
188
237
473
809
915
652
474
281
616
304
733
974
841
899
761
268
163
254
199
796
860
964
119
449
602
468
24
104
48
744
200
244
470
126
600
355
235
164
496
984
650
640
176
926
464
907
496
669
892
821
251
874
137
772
965
676
305
984
28
573
274
75
379
558
433
520
604
109
275
502
699
500
846
458
271
821
177
321
453
863
890
281
616
99
243
754
721
706
977
870
629
33
822
102
102
179
706
1
819
5
307
269
615
324
805
64
770
715
865
392
463
748
450
181
780
904
867
587
760
15
80
444
873
800
802
770
45
948
862
10
561
926
478
658
875
328
927
190
57
230
818
724
699
688
887
46
727
894
281
130
493
336
835
876
168
165
406
397
531
354
535
263
65
752
974
484
589
672
551
817
682
227
874
294
45
631
166
678
917
561
852
136
218
800
783
588
258
225
918
709
339
970
669
685
519
950
786
524
849
491
504
645
688
15
261
120
831
316
867
272
32
522
972
366
904
149
183
129
575
380
305
526
132
645
612
6
583
85
199
446
89
999
438
579
578
724
264
614
211
84
796
396
544
202
122
108
889
104
862
228
814
936
187
508
720
410
788
764
62
72
223
348
880
293
542
272
916
6
290
629
888
821
583
473
683
574
18
913
951
44
769
924
870
635
851
215
753
396
112
112
303
839
347
632
280
209
653
12
702
184
388
392
125
776
110
822
44
250
105
868
212
733
784
776
146
64
287
736
780
360
732
839
941
167
391
483
84
373
865
625
713
575
1
53
370
37
74
273
689
702
955
424
763
494
330
616
167
982
335
768
55
700
996
94
813
773
840
16
412
137
337
40
980
484
158
612
159
574
143
387
735
825
712
518
475
414
900
561
