187
519
563
30
345
269
702
963
607
124
661
668
300
803
668
747
35
855
576
564
248
199
710
922
924
483
510
445
867
593
259
506
713
121
750
843
117
363
199
939
494
578
496
806
110
775
754
557
169
466
256
813
756
521
454
204
837
941
955
302
350
802
245
99
855
498
123
821
225
606
325
460
430
111
622
559
369
947
65
918
807
814
964
38
676
940
125
856
796
723
701
565
32
691
342
923
184
113
655
70
677
269
780
692
41
196
603
104
232
825
575
236
492
401
639
220
589
476
33
271
61
484
159
353
331
178
201
510
90
877
267
749
748
392
966
535
21
811
592
295
835
162
492
543
893
667
977
929
879
598
43
957
934
966
997
973
20
89
282
489
50
506
852
331
454
345
120
260
163
373
236
99
809
411
267
201
503
114
664
891
824
585
28
878
105
651
581
239
433
184
735
561
147
268
424
999
784
932
589
812
305
721
692
99
407
289
177
581
175
585
224
687
174
733
227
167
670
461
346
323
245
68
633
144
745
363
475
461
859
585
156
942
191
783
107
375
173
434
972
297
965
38
249
885
842
817
689
377
609
631
782
381
145
177
902
817
478
454
258
514
934
514
744
56
510
772
255
711
860
548
550
326
564
16
544
520
30
520
988
52
226
362
824
137
537
429
692
856
485
573
321
548
906
869
698
740
771
864
805
792
896
664
815
241
681
23
516
654
965
416
702
692
923
666
836
609
301
717
592
368
939
985
987
664
876
865
176
55
164
477
379
326
567
238
907
331
955
1
539
901
799
732
76
102
51
719
744
785
455
852
940
767
61
77
326
177
551
863
612
573
437
917
204
261
752
281
764
17
804
578
216
648
813
239
974
20
369
878
851
896
759
3
820
674
284
216
906
227
48
494
812
920
704
46
689
161
139
139
414
552
11
367
440
65
140
942
269
162
220
783
729
595
608
440
226
528
988
820
758
199
53
571
92
64
79
416
475
263
629
556
49
945
924
642
995
84
20
507
967
71
465
430
717
872
494
887
926
793
339
59
954
260
311
656
524
550
729
648
671
598
952
174
996
476
782
795
502
748
961
964
46
810
672
785
711
949
1
757
724
155
442
499
135
980
79
323
825
834
97
721
64
475
874
411
252
306
713
950
946
976
779
875
614
247
555
366
528
18
965
46
193
156
265
813
364
751
384
47
683
417
32
170
489
835
366
876
471
158
428
800
589
52
573
93
575
457
546
423
999
21
835
787
765
995
363
366
748
81
855
832
412
224
419
305
685
818
483
526
717
561
279
31
834
667
594
83
772
946
587
265
108
773
318
753
435
328
542
877
408
277
713
898
35
298
97
347
225
808
962
870
753
437
187
109
479
697
493
640
518
855
648
588
967
40
306
662
277
738
562
311
964
450
845
387
792
23
510
792
572
680
520
257
238
214
355
538
901
367
7
865
843
107
677
767
855
196
833
327
509
411
283
985
989
257
500
43
950
249
5
359
213
472
227
519
644
511
698
18
799
205
77
583
506
606
179
521
330
737
471
201
98
96
228
809
28
847
497
881
156
135
543
838
815
707
843
514
159
442
156
471
621
400
842
802
22
289
131
760
948
302
9
444
59
918
263
37
616
558
603
750
909
711
304
117
868
995
570
606
150
227
11
360
436
229
79
126
55
161
568
644
360
905
213
975
173
856
315
233
516
751
227
317
688
496
761
869
866
897
607
749
902
112
343
485
438
554
43
573
852
591
227
586
369
360
687
111
319
562
924
51
249
681
480
810
840
858
152
385
140
237
173
87
279
359
897
2
12
223
302
630
583
864
846
449
233
657
775
561
438
571
307
837
907
107
521
263
251
666
235
171
746
97
753
439
830
943
871
483
409
446
858
59
741
482
547
311
506
123
20
281
272
616
609
224
106
903
183
689
492
622
968
91
789
671
567
172
509
33
5
31
541
673
316
417
936
219
390
412
93
899
441
319
918
269
721
315
55
524
145
423
633
334
195
614
595
587
559
327
993
731
297
757
624
760
799
410
7
801
57
181
801
831
49
343
923
502
32
878
819
366
489
544
101
720
847
397
816
531
340
534
842
627
628
865
106
37
755
37
610
439
878
692
812
530
413
823
302
460
560
63
797
785
723
520
731
164
533
796
984
39
131
898
300
99
629
332
313
774
393
530
418
127
268
173
34
721
518
366
835
197
174
204
630
476
825
240
685
0
846
989
646
783
324
954
852
605
522
844
971
834
379
823
963
427
1
27
201
525
546
340
337
160
939
19
879
685
97
312
870
36
