783
599
422
296
136
635
458
920
271
153
980
990
475
890
915
926
775
284
488
705
828
685
357
958
206
130
133
694
446
86
569
653
818
877
949
274
500
68
111
830
263
419
286
951
874
252
458
331
38
464
483
429
388
260
31
295
703
498
685
281
12
437
437
489
331
851
830
34
776
494
991
874
451
164
948
967
389
217
371
863
29
355
92
308
702
555
28
527
624
382
777
401
919
67
174
973
928
639
199
647
880
799
411
858
132
332
667
989
287
154
717
657
44
203
612
963
57
133
883
281
109
700
209
561
189
958
801
440
598
815
29
40
839
325
66
9
265
712
203
795
706
719
811
227
169
306
655
881
671
491
169
388
852
491
192
313
133
938
748
386
846
148
783
533
15
539
193
301
832
788
386
322
445
412
601
526
360
427
987
486
790
463
641
583
911
992
118
510
776
466
318
516
136
466
867
344
865
506
952
34
776
713
514
613
696
885
400
735
354
23
808
487
966
953
189
575
84
128
399
164
230
779
58
882
320
671
765
713
844
985
111
139
665
786
726
538
579
380
340
495
698
775
192
554
973
2
797
196
561
915
359
808
988
864
660
994
307
526
275
446
941
987
735
946
886
545
149
726
48
245
207
991
587
845
685
582
669
901
737
778
779
293
626
282
734
65
726
173
199
51
44
186
11
260
130
377
209
331
323
588
421
678
338
350
119
434
918
639
839
176
822
752
477
927
304
55
867
66
581
274
741
509
4
113
934
393
20
830
971
458
702
690
929
823
907
662
114
835
39
831
938
713
325
971
721
128
398
851
242
726
278
822
641
882
354
665
645
710
504
948
536
889
734
993
263
604
294
994
442
662
764
98
306
552
79
254
777
38
580
482
574
52
391
824
889
304
559
643
813
834
237
971
752
574
670
663
332
909
270
196
444
192
901
143
912
582
935
433
756
504
158
848
117
40
405
110
537
757
830
167
420
627
168
693
751
179
896
389
421
730
844
101
337
196
363
780
780
853
535
338
855
858
790
626
662
605
391
802
81
595
905
614
158
422
16
213
217
864
502
725
787
435
527
632
156
325
348
8
953
536
606
211
262
646
140
453
758
980
140
823
817
892
182
231
427
844
774
336
35
197
154
8
399
914
306
857
636
862
430
57
510
843
850
65
135
250
639
834
42
309
949
895
800
683
14
162
6
82
806
579
398
381
66
333
145
735
424
310
794
91
786
164
822
634
949
511
536
368
392
285
392
850
887
103
811
42
780
127
162
822
921
469
339
941
524
337
40
238
865
507
899
326
154
896
363
178
870
922
467
792
269
732
979
963
763
35
633
510
336
252
499
294
156
141
467
122
325
631
297
463
779
403
468
317
389
609
703
845
893
152
502
440
388
614
527
910
510
793
578
825
377
66
572
840
398
200
216
621
906
66
332
86
591
679
589
680
631
956
586
639
760
713
773
937
182
770
615
526
424
18
707
277
492
916
668
877
890
498
848
46
275
855
755
94
200
33
156
866
378
487
525
434
505
310
657
751
592
4
843
114
983
345
884
55
810
397
737
400
474
236
794
864
792
281
964
742
351
418
949
707
651
368
384
44
941
990
524
26
400
852
847
840
443
581
667
908
577
764
249
318
146
321
546
32
111
261
597
457
278
888
627
747
525
720
464
69
418
441
96
799
957
678
873
82
279
22
400
169
864
799
667
844
481
630
235
7
603
214
132
166
43
409
288
274
996
502
973
813
598
597
392
41
104
42
479
364
783
308
88
260
706
417
925
142
632
16
846
24
226
331
815
819
892
658
432
674
833
122
97
496
98
195
799
952
341
36
417
532
981
881
482
684
99
198
506
614
715
288
523
949
318
887
993
632
942
736
570
492
521
372
498
557
334
30
531
216
819
255
773
421
36
255
416
590
341
165
761
454
706
242
673
858
971
720
104
20
226
360
93
12
228
45
106
21
262
160
987
717
988
805
394
791
255
211
857
298
934
33
17
444
426
384
692
64
306
656
698
574
555
106
358
866
638
873
557
907
129
952
18
500
782
941
476
4
458
387
268
154
168
835
981
613
546
772
758
816
120
619
251
474
71
629
71
366
439
509
374
21
210
499
70
964
855
351
974
783
146
490
110
494
417
503
947
369
683
729
362
440
705
780
93
999
555
501
876
436
605
736
424
605
348
397
241
101
590
553
662
778
127
866
206
999
43
602
493
80
864
493
326
986
244
591
437
694
210
957
390
970
604
692
665
976
68
42
94
161
313
469
484
212
270
633
985
378
76
991
454
639
455
482
